Character Struct Dump — base=0xD26B17 (ATK address)
Range: -128 to +512 bytes
========================================================================================================================

Offset     Address      hex (4B)         i32           f32  i16[0] i16[1]              u8s  Note
------  ----------  ------------  ----------  ------------  ------ ------  ---------------  --------------------
 -128  0xD26A97   28 00 28 00     2621480           ---      40     40   40   0  40   0  
 -124  0xD26A9B   4b 00 32 00     3276875           ---      75     50   75   0  50   0  
 -120  0xD26A9F   4b 00 09 00      589899           ---      75      9   75   0   9   0  
 -116  0xD26AA3   29 00 00 00          41           ---      41      0   41   0   0   0  
 -112  0xD26AA7   00 00 70 5b  1534066688           ---       0  23408    0   0 112  91  
 -108  0xD26AAB   ba 00 78 98  -1736965958           ---     186 -26504  186   0 120 152  
 -104  0xD26AAF   42 57 40 00     4216642           ---   22338     64   66  87  64   0  
 -100  0xD26AB3   00 00 00 00           0           ---       0      0    0   0   0   0  
  -96  0xD26AB7   00 00 29 00     2686976           ---       0     41    0   0  41   0  
  -92  0xD26ABB   00 00 78 98  -1736966144           ---       0 -26504    0   0 120 152  
  -88  0xD26ABF   42 57 78 5b  1534613314           ---   22338  23416   66  87 120  91  
  -84  0xD26AC3   ba 00 a0 eb  -341835590           ---     186  -5216  186   0 160 235  
  -80  0xD26AC7   26 5b 10 00     1071910           ---   23334     16   38  91  16   0  
  -76  0xD26ACB   00 00 00 00           0           ---       0      0    0   0   0   0  
  -72  0xD26ACF   00 00 09 00      589824           ---       0      9    0   0   9   0  
  -68  0xD26AD3   00 00 a0 eb  -341835776           ---       0  -5216    0   0 160 235  
  -64  0xD26AD7   26 5b 80 5b  1535138598           ---   23334  23424   38  91 128  91  
  -60  0xD26ADB   ba 00 00 00         186           ---     186      0  186   0   0   0  
  -56  0xD26ADF   00 00 00 00           0           ---       0      0    0   0   0   0  
  -52  0xD26AE3   00 00 00 00           0           ---       0      0    0   0   0   0  
  -48  0xD26AE7   00 00 00 00           0           ---       0      0    0   0   0   0  
  -44  0xD26AEB   00 00 00 00           0           ---       0      0    0   0   0   0  
  -40  0xD26AEF   00 00 00 00           0           ---       0      0    0   0   0   0  
  -36  0xD26AF3   00 00 00 00           0           ---       0      0    0   0   0   0  
  -32  0xD26AF7   00 00 00 00           0           ---       0      0    0   0   0   0  
  -28  0xD26AFB   00 00 00 00           0           ---       0      0    0   0   0   0  
  -24  0xD26AFF   00 00 00 00           0           ---       0      0    0   0   0   0  
  -20  0xD26B03   00 00 00 00           0           ---       0      0    0   0   0   0  
  -16  0xD26B07   00 00 64 00     6553600           ---       0    100    0   0 100   0  
  -12  0xD26B0B   00 00 64 00     6553600           ---       0    100    0   0 100   0  
   -8  0xD26B0F   00 00 00 00           0           ---       0      0    0   0   0   0  
   -4  0xD26B13   00 00 09 00      589824           ---       0      9    0   0   9   0  
   +0  0xD26B17   a1 00 00 00         161           ---     161      0  161   0   0   0  <-- ATK=161
   +4  0xD26B1B   07 00 36 00     3538951           ---       7     54    7   0  54   0  
   +8  0xD26B1F   64 00 00 00         100           ---     100      0  100   0   0   0  <-- Accuracy=100
  +12  0xD26B23   a8 00 00 00         168           ---     168      0  168   0   0   0  <-- ATK_Spd=168
  +16  0xD26B27   00 00 00 00           0           ---       0      0    0   0   0   0  
  +20  0xD26B2B   00 00 00 00           0           ---       0      0    0   0   0   0  
  +24  0xD26B2F   00 00 00 00           0           ---       0      0    0   0   0   0  
  +28  0xD26B33   00 00 00 00           0           ---       0      0    0   0   0   0  
  +32  0xD26B37   03 02 1f 85  -2061565437           ---     515 -31457    3   2  31 133  
  +36  0xD26B3B   5b 3f 64 00     6569819           ---   16219    100   91  63 100   0  
  +40  0xD26B3F   64 00 3d 00     3997796           ---     100     61  100   0  61   0  
  +44  0xD26B43   3d 00 3d 00     3997757           ---      61     61   61   0  61   0  
  +48  0xD26B47   25 00 0c 00      786469           ---      37     12   37   0  12   0  
  +52  0xD26B4B   01 01 00 00         257           ---     257      0    1   1   0   0  
  +56  0xD26B4F   00 00 00 57  1459617792           ---       0  22272    0   0   0  87  
  +60  0xD26B53   69 7a 61 72  1918990953           ---   31337  29281  105 122  97 114  
  +64  0xD26B57   64 00 00 00         100           ---     100      0  100   0   0   0  
  +68  0xD26B5B   00 00 00 00           0           ---       0      0    0   0   0   0  
  +72  0xD26B5F   00 00 00 00           0           ---       0      0    0   0   0   0  
  +76  0xD26B63   4b 65 69 6e  1852400971           ---   25931  28265   75 101 105 110  
  +80  0xD26B67   00 00 00 00           0           ---       0      0    0   0   0   0  
  +84  0xD26B6B   00 00 00 00           0           ---       0      0    0   0   0   0  
  +88  0xD26B6F   00 00 00 00           0           ---       0      0    0   0   0   0  
  +92  0xD26B73   00 00 02 00      131072           ---       0      2    0   0   2   0  
  +96  0xD26B77   00 00 1a 27   656015360           ---       0  10010    0   0  26  39  
 +100  0xD26B7B   00 00 00 00           0           ---       0      0    0   0   0   0  
 +104  0xD26B7F   00 00 00 23   587202560           ---       0   8960    0   0   0  35  
 +108  0xD26B83   4a 4d 72 2e   779242826           ---   19786  11890   74  77 114  46  
 +112  0xD26B87   4e 69 63 65  1701013838           ---   26958  25955   78 105  99 101  
 +116  0xD26B8B   47 75 79 00     7959879           ---   30023    121   71 117 121   0  
 +120  0xD26B8F   00 00 00 00           0           ---       0      0    0   0   0   0  
 +124  0xD26B93   00 00 00 00           0           ---       0      0    0   0   0   0  
 +128  0xD26B97   00 00 00 00           0           ---       0      0    0   0   0   0  
 +132  0xD26B9B   00 00 00 00           0           ---       0      0    0   0   0   0  
 +136  0xD26B9F   00 00 00 00           0           ---       0      0    0   0   0   0  
 +140  0xD26BA3   00 00 00 ff   -16777216           ---       0   -256    0   0   0 255  
 +144  0xD26BA7   68 42 00 00       17000           ---   17000      0  104  66   0   0  
 +148  0xD26BAB   00 00 00 00           0           ---       0      0    0   0   0   0  
 +152  0xD26BAF   00 00 00 00           0           ---       0      0    0   0   0   0  
 +156  0xD26BB3   d3 fc 00 00       64723           ---    -813      0  211 252   0   0  
 +160  0xD26BB7   22 c8 00 00       51234           ---  -14302      0   34 200   0   0  
 +164  0xD26BBB   1e 4f 00 00       20254           ---   20254      0   30  79   0   0  
 +168  0xD26BBF   50 46 00 00       18000           ---   18000      0   80  70   0   0  
 +172  0xD26BC3   00 00 00 00           0           ---       0      0    0   0   0   0  
 +176  0xD26BC7   00 00 00 00           0           ---       0      0    0   0   0   0  
 +180  0xD26BCB   00 3c 00 00       15360           ---   15360      0    0  60   0   0  
 +184  0xD26BCF   57 5c 06 00      416855           ---   23639      6   87  92   6   0  
 +188  0xD26BD3   8a 05 00 00        1418           ---    1418      0  138   5   0   0  
 +192  0xD26BD7   10 27 00 00       10000           ---   10000      0   16  39   0   0  
 +196  0xD26BDB   00 00 00 00           0           ---       0      0    0   0   0   0  
 +200  0xD26BDF   00 00 00 00           0           ---       0      0    0   0   0   0  
 +204  0xD26BE3   10 27 00 00       10000           ---   10000      0   16  39   0   0  
 +208  0xD26BE7   00 00 00 00           0           ---       0      0    0   0   0   0  
 +212  0xD26BEB   00 00 00 00           0           ---       0      0    0   0   0   0  
 +216  0xD26BEF   80 3e 00 00       16000           ---   16000      0  128  62   0   0  
 +220  0xD26BF3   00 00 00 00           0           ---       0      0    0   0   0   0  
 +224  0xD26BF7   00 00 00 00           0           ---       0      0    0   0   0   0  
 +228  0xD26BFB   80 3e 00 00       16000           ---   16000      0  128  62   0   0  
 +232  0xD26BFF   00 00 00 00           0           ---       0      0    0   0   0   0  
 +236  0xD26C03   00 00 00 00           0           ---       0      0    0   0   0   0  
 +240  0xD26C07   e4 4a 00 00       19172           ---   19172      0  228  74   0   0  
 +244  0xD26C0B   9a 0c 02 00      134298           ---    3226      2  154  12   2   0  
 +248  0xD26C0F   39 09 00 00        2361           ---    2361      0   57   9   0   0  
 +252  0xD26C13   6c 4c 00 00       19564           ---   19564      0  108  76   0   0  
 +256  0xD26C17   54 5c 06 00      416852           ---   23636      6   84  92   6   0  
 +260  0xD26C1B   8a 05 00 00        1418           ---    1418      0  138   5   0   0  
 +264  0xD26C1F   0d a1 00 00       41229           ---  -24307      0   13 161   0   0  
 +268  0xD26C23   d1 24 00 00        9425           ---    9425      0  209  36   0   0  
 +272  0xD26C27   9f ca 00 00       51871           ---  -13665      0  159 202   0   0  
 +276  0xD26C2B   10 a4 00 00       42000           ---  -23536      0   16 164   0   0  
 +280  0xD26C2F   00 00 00 00           0           ---       0      0    0   0   0   0  
 +284  0xD26C33   00 00 00 00           0           ---       0      0    0   0   0   0  
 +288  0xD26C37   e5 b3 00 00       46053           ---  -19483      0  229 179   0   0  
 +292  0xD26C3B   d0 5b 00 00       23504           ---   23504      0  208  91   0   0  
 +296  0xD26C3F   39 09 00 00        2361           ---    2361      0   57   9   0   0  
 +300  0xD26C43   02 b0 00 00       45058           ---  -20478      0    2 176   0   0  
 +304  0xD26C47   13 f0 03 00      258067           ---   -4077      3   19 240   3   0  
 +308  0xD26C4B   24 0a 00 00        2596           ---    2596      0   36  10   0   0  
 +312  0xD26C4F   90 5f 01 00       90000           ---   24464      1  144  95   1   0  
 +316  0xD26C53   00 00 00 00           0           ---       0      0    0   0   0   0  
 +320  0xD26C57   00 00 00 00           0           ---       0      0    0   0   0   0  
 +324  0xD26C5B   78 63 01 00       91000           ---   25464      1  120  99   1   0  
 +328  0xD26C5F   00 00 00 00           0           ---       0      0    0   0   0   0  
 +332  0xD26C63   00 00 00 00           0           ---       0      0    0   0   0   0  
 +336  0xD26C67   42 66 00 00       26178           ---   26178      0   66 102   0   0  
 +340  0xD26C6B   c9 99 0f 00     1022409           ---  -26167     15  201 153  15   0  
 +344  0xD26C6F   b4 10 00 00        4276           ---    4276      0  180  16   0   0  
 +348  0xD26C73   60 6d 00 00       28000           ---   28000      0   96 109   0   0  
 +352  0xD26C77   00 00 00 00           0           ---       0      0    0   0   0   0  
 +356  0xD26C7B   00 00 00 00           0           ---       0      0    0   0   0   0  
 +360  0xD26C7F   61 ea 00 00       60001           ---   -5535      0   97 234   0   0  
 +364  0xD26C83   00 00 00 00           0           ---       0      0    0   0   0   0  
 +368  0xD26C87   00 00 00 00           0           ---       0      0    0   0   0   0  
 +372  0xD26C8B   61 ea 00 00       60001           ---   -5535      0   97 234   0   0  
 +376  0xD26C8F   00 00 00 00           0           ---       0      0    0   0   0   0  
 +380  0xD26C93   00 00 00 00           0           ---       0      0    0   0   0   0  
 +384  0xD26C97   80 bb 00 00       48000           ---  -17536      0  128 187   0   0  
 +388  0xD26C9B   00 00 00 00           0           ---       0      0    0   0   0   0  
 +392  0xD26C9F   00 00 00 00           0           ---       0      0    0   0   0   0  
 +396  0xD26CA3   c0 5d 00 00       24000           ---   24000      0  192  93   0   0  
 +400  0xD26CA7   00 00 00 00           0           ---       0      0    0   0   0   0  
 +404  0xD26CAB   00 00 00 00           0           ---       0      0    0   0   0   0  
 +408  0xD26CAF   c0 5d 00 00       24000           ---   24000      0  192  93   0   0  
 +412  0xD26CB3   00 00 00 00           0           ---       0      0    0   0   0   0  
 +416  0xD26CB7   00 00 00 00           0           ---       0      0    0   0   0   0  
 +420  0xD26CBB   c0 5d 00 00       24000           ---   24000      0  192  93   0   0  
 +424  0xD26CBF   00 00 00 00           0           ---       0      0    0   0   0   0  
 +428  0xD26CC3   00 00 00 00           0           ---       0      0    0   0   0   0  
 +432  0xD26CC7   c0 5d 00 00       24000           ---   24000      0  192  93   0   0  
 +436  0xD26CCB   00 00 00 00           0           ---       0      0    0   0   0   0  
 +440  0xD26CCF   00 00 00 00           0           ---       0      0    0   0   0   0  
 +444  0xD26CD3   00 06 00 00        1536           ---    1536      0    0   6   0   0  
 +448  0xD26CD7   00 00 00 00           0           ---       0      0    0   0   0   0  
 +452  0xD26CDB   00 00 00 00           0           ---       0      0    0   0   0   0  
 +456  0xD26CDF   00 00 00 00           0           ---       0      0    0   0   0   0  
 +460  0xD26CE3   00 00 00 00           0           ---       0      0    0   0   0   0  
 +464  0xD26CE7   00 00 00 00           0           ---       0      0    0   0   0   0  
 +468  0xD26CEB   00 00 00 00           0           ---       0      0    0   0   0   0  
 +472  0xD26CEF   00 00 00 00           0           ---       0      0    0   0   0   0  
 +476  0xD26CF3   00 00 00 00           0           ---       0      0    0   0   0   0  
 +480  0xD26CF7   00 00 00 00           0           ---       0      0    0   0   0   0  
 +484  0xD26CFB   00 00 00 00           0           ---       0      0    0   0   0   0  
 +488  0xD26CFF   00 00 00 00           0           ---       0      0    0   0   0   0  
 +492  0xD26D03   00 00 00 00           0           ---       0      0    0   0   0   0  
 +496  0xD26D07   00 00 00 00           0           ---       0      0    0   0   0   0  
 +500  0xD26D0B   00 00 00 00           0           ---       0      0    0   0   0   0  
 +504  0xD26D0F   00 00 00 00           0           ---       0      0    0   0   0   0  
 +508  0xD26D13   00 00 00 82  -2113929216           ---       0 -32256    0   0   0 130  